1000030002
1000730008
1000020001
1000360030
1000280028
1000120028
1000030001
1000730002
1000360012
1000030003
1000020003
1000020002
1006510005
1003730011
1004220065
1007310164
1007360022
1006300137
1001200009
1002790072
1011090005
1006560009
1011830134
1005950090
1003740064
1011070012
1005210086
1003890016
1006620016
1006650006
1003150076
1000640106
1007790027
1002820004
1007320011
1011710200
1002740037
1001840010
1001610003
1006650010
1002810036
1002240036
1007340018
1004010031
1005790035
1005890019
1003730059
1004780037
1008120167
1005920087
1003740014
1005390070
1002250118
1001840008
1010450061
1007320050
1008450010
1003890040
1003730058
1012650040
1001680001
1005200083
1001070002
1003420044
1011710011
1006510048
1003740015
1003030019
1007640120
1002210001
1004640132
1011170024
1010420054
1003910023
1005780001
1001410020
1001070060
1003740062
1007830048
1011710005
1006240070
1010720024
1011870004
1008190032
1001080004
1001770013
1001550031
1003770071
1012620022
1003740017
1005830122
1004730130
1005310052
1010570050
1007290015
1011710155
1011710010
1007320021
1010340044
1010420024
1003740013
1002270033
1002450028
1006560001
1004060013
1010350055
1010510016
1003470046
1003740060
1002560003
1006510009
1002130001
1012310012
1004750040
1006620002
1008040171
1000730029
1006650072
1003730043
1001060022
1002400006
1011090010
1009990061
1006620007
1009990065
1007370001
1007330017
1006250037
1003920043
1001410018
1002400030
1011870003
1007370017
1004790190
1008640059
1001130001
1004010025
1003500068
1008490053
1006620011
1011070030
1002880076
1003910042
1003840021
1002770041
1010580044
1005210003
1002860020
1010170058
1003440054
1001900053
1007610005
1003540016
1001410039
1006300031
1008770035
1010410039
1010500032
1010420053
1008480070
1004580041
1011090025
1002790030
1006510056
1003910043
1001150001
1005310017
1003870155
1003500047
1005830123
1001420012
1003740059
1004510036
1000780041
1001580017
1010350025
1007950014
1005890104
1001210027
1011090020
1011090030
1003310145
1004790050
1003760001
1008870084
1010380008
1008300032
1006160054
1006620019
1003440158
1010340021
1000730028
1002890050
1006760003
1002540020
1003730012
1005890044
1003910024
1006620062
1001840005
1004010039
1004200001
1000160012
1003870121
1007740173
1011540206
1003930059
1006990043
1006650014
1003870046
1010690043
1011710013
1003840040
1011710073
1004220067
1008530001
1003500005
1011710034
1002260021
1004700017
1011070011
1001760118
1011710004
1011710136
1011090021
1021790701
1011710064
1011710071
1011660135
1011710150
1002460005
1006990042
1011710007
1002470002
1011320022
1003360001
1021970080
1020290026
1003110035
1007090017
1020070013
1019320160
1016170040
1003870122
1019430127
1017150053
1003540018
1000530040
1021780421
1003540019
1008760017
1021760002
1013680143
1019570017
1017700067
1021790345
1021390135
1018960038
1021010130
1022140018
1004400004
1019140008
1011090099
1021790243
1012810030
1021970075
1020790011
1013640060
1013630060
1019280122
1020500156
1003770022
1019690068
1003160200
1022150680
1018790140
1000170018
1001170100
1017130038
1008820126
1014850058
1020160001
1021010117
1017390051
1005490001
1007050050
1004930030
1011710164
1011710069
1011320021
1011710128
1009910029
1003770024
1019530028
1020230154
1019490015
1021700383
1020080026
1017180029
1021850010
1021230086
1013720049
1019830021
1021780016
1019540136
1017040005
1021340146
1015120030
1003770049
1020080029
1021340250
1020710053
1021740160
1009910060
1016900010
1022430020
1019500021
1011710173
1021340206
1022150653
1022150652
1021700355
1021800076
1021350060
1017820050
1020040001
1021360049
1021800369
1019440005
1013720051
1009190012
1009400055
1017510033
1022150077
1022410113
1019540060
1011870002
1013350019
1019260053
1017840120
1015260108
1021790155
1018970019
1020040171
1021770255
1017560047
1021740055
1021560031
1018640001
1009910059
1017710002
1019600012
1019530124
1021100055
1017610010
1011260024
1021790154
1019410016
1013720025
1019530047
1019670006
1003160114
1005270016
1004270200
1011710151
1011710172
1017230161
1021110054
1019520061
1013630061
1009910035
1019570003
1021400010
1021790152
1014350015
1017230066
1003740031
1003560090
1015820012
1021770051
1009700002
1021770313
1017040008
1016930030
1019180027
1017600046
1019140040
1020500158
1022500158
1015820013
1017710043
1021800091
1021780001
1017690029
1020530099
1022400025
1016170045
1020050008
1009450023
1003770020
1019690104
1016960051
1016820011
1017260123
1018150025
1020670149
1019410015
1017270032
1020040092
1013630063
1003940029
1016170039
1019530123
1019140036
1003770018
1015870027
1009440009
1003790061
1019500128
1019530044
1019530046
1019110048
1019400005
1013440138
1021280048
1009150009
1003770025
1013600060
1021780010
1021730042
1017710047
1021740061
1019070005
1018190015
1019210122
1019010050
1016170042
1017290021
1020300049
1003220040
1014740008
1020400040
1019220058
1019540018
1019580058
1022150458
1019570020
1021770212
1020240055
1013720090
1017700123
1022551031
1020530094
1019520041
1017010029
1021780370
1003770011
1017510132
1012710048
1021300046
1009900090
1019470137
1021070001
1021790600
1003750034
1020160065
1018970006
1013530050
1018190100
1017790020
1021340400
1015640031
1013997502
1017740048
1021800629
1019150037
1019010156
1017360022
1018950063
1020420030
1017700031
1016250101
1016230141
1021740097
1021780003
1009690050
1020040056
1003730010
1021870020
1008630128
1004510140
1003740010
1006320059
1011070014
1002260024
1002300045
1010010012
1008440035
1006510017
1001420030
1003740016
1011710012
1003440153
1003370044
1000960013
1021840040
1019140022
1021770300
1015600031
1011980024
1002790070
1015900024
1013720053
1017660020
1021990018
1017720051
1020340016
1021490525
1009700014
1019940001
1015600029
1021010063
1003750033
1017680003
1020500164
1021060320
1017110145
1021890025
1019180051
1018650010
1022430075
1012160165
1020230142
1015430104
1019180126
1021060400
1017440013
1021010115
1014500109
1017250050
1019840050
1018190010
1020230043
1009180050
1014880017
1021780002
1021690059
1018670029
1020450028
1018800056
1020680119
1015610034
1018070005
1020160073
1019570002
1021700110
1017250008
1021850036
1019010150
1019210128
1017290043
1015900055
1017250057
1017110125
1018190020
1021450010
1018470052
1021700175
1019010138
1017250068
1009440053
1019200053
1016800044
1013720052
1019600069
1016910006
1012080127
1015830114
1021210059
1021050051
1003780040
1017530168
1016170043
1019130052
1012010006
1020430021
1017300019
1021430051
1020680020
1014700029
1013730020
1017010049
1015520016
1020230055
1021880010
1015400045
1018010100
1017050021
1012530093
1021010065
1017250001
1019470136
1015120044
1003790001
1021100104
1021800127
1015820010
1020460049
1018650020
1019570050
1013610060
1017170111
1021700190
1017560029
1013270019
1021700180
1020890014
1018520009
1013650060
1019190039
1019150006
1021800583
1013050128
1021800064
1019570016
1018190050
1015160052
1015730052
1013610024
1020360025
1020340015
1009880075
1020890039
1019220156
1013930068
1021970095
1018190002
1015280103
1003750035
1017540100
1020240122
1016960100
1021390080
1022150079
1017550025
1018030085
1021770168
1003740032
1022150192
1022500032
1018190030
1019190038
1021070002
1021890050
1019390005
1020510006
1017560066
1017540102
1003400001
1018650030
1018470013
1020040050
1003230101
1013720010
1022400027
1019570025
1020240010
1005890144
1011870001
1003970028
1011540202
1006510007
1021790474
1016230139
1021230055
1021340041
1003790003
1018030090
1009910050
1021790153
1003440157
1003790002
1017230053
1022150690
1021490002
1015170043
1012800010
1018160023
1021660009
1009660050
1009160013
1003790063
1021430052
1019570027
1018500001
1020240154
1009200044
1003670100
1003840028
1013340017
1016430129
1017510053
1019180011
1009920050
1017900044
1009220001
1005950009
1003740018
1003440148
1000160160
1021700163
1017080043
1017920028
1018650041
1016350001
1014520151
1019480023
1018830038
1018520040
1015110130
1018970001
1021160031
1012180129
1011710009
1011710008
1021170046
1018400063
1019160016
1017950116
1021800075
1019160137
1020240043
1000160003
1017350045
1003930020
1012540001
1003730036
1011100001
1000730017
1003730030
1009310017
1012540010
1012540002
1003730027
1017610028
1013540050
1013720050
1016990064
1018150007
1020010002
1016170041
1021060004
1020240110
1019570018
1021010100
1016250102
1003770014
1017530067
1017170030
1016600029
1017560048
1019400013
1014510106
1013720086
1016440042
1012130033
1013630064
1021010120
1022150235
1014310120
1021740114
1017020022
1019680054
1012130004
1017170118
1016940051
1017030128
1015670221
1003790004
1018470033
1021180019
1013720054
1017820040
1021780420
1019570015
1016170038
1017750168
1021740159
1012820030
1021400085
1017710020
1009430010
1019260153
1022150173
1021780014
1021850051
1016950051
1018840041
1020750029
1014740060
1000730014
